Matrix addA (5 x 5):
  4.000    9.310  -15.440    0.000    1.111  
 77.000   -4.701   -1.940   -8.000   15.000  
 13.710  -54.123    0.000    0.000    0.000  
  7.000   -4.000    6.000  -10.000   11.000  
  1.234    2.345    3.456   -4.567   -5.678  
Matrix addB (5 x 5):
  1.000    2.000    3.000    4.000    5.000  
 -1.000   -2.000   -3.000   -4.000   -5.000  
  0.000    0.000    0.000    0.000    0.000  
  1.000    1.000    1.000    1.000    1.000  
  1.654   -1.149    0.148    0.940   -0.111  
Matrix addRES (5 x 5):
  5.000   11.310  -12.440    4.000    6.111  
 76.000   -6.701   -4.940  -12.000   10.000  
 13.710  -54.123    0.000    0.000    0.000  
  8.000   -3.000    7.000   -9.000   12.000  
  2.888    1.196    3.604   -3.627   -5.789  
Matrix det=195 (5 x 5):
  1.000    2.000    3.000    4.000    5.000  
  0.000    6.000    0.000    4.000    1.000  
  2.000    4.000    1.000    3.000    5.000  
  1.000    3.000    5.000    2.000    4.000  
  0.000    5.000    0.000    3.000    2.000  
Matrix det_GEM (5 x 5):
  1.000    2.000    3.000    4.000    5.000  
  0.000    6.000    0.000    4.000    1.000  
  0.000    0.000   -5.000   -5.000   -5.000  
  0.000    0.000    0.000   -4.667   -3.167  
  0.000    0.000    0.000    0.000    1.393  
Matrix inverseBad (3 x 3):
  1.000    2.000    3.000  
  4.000    5.000    6.000  
  7.000    8.000    9.000  
Matrix inverseGood (3 x 3):
  3.000   -4.000    5.000  
  2.000   -3.000    1.000  
  3.000   -5.000   -1.000  
Matrix inverseRES (3 x 3):
 -8.000   29.000  -11.000  
 -5.000   18.000   -7.000  
  1.000   -3.000    1.000  
Matrix multiplyA (2 x 4):
  3.000    4.000    1.000    1.000  
  5.000   -2.000    4.000   10.000  
Matrix multiplyA_trans (4 x 2):
  3.000    5.000  
  4.000   -2.000  
  1.000    4.000  
  1.000   10.000  
Matrix multiplyB (4 x 2):
  4.000    2.000  
  1.000   -2.000  
  0.000    2.000  
  1.000   -2.000  
Matrix multiplyRES_AB (2 x 2):
 17.000   -2.000  
 28.000    2.000  
Matrix multiplyRS_BA (4 x 4):
 22.000   12.000   12.000   24.000  
 -7.000    8.000   -7.000  -19.000  
 10.000   -4.000    8.000   20.000  
 -7.000    8.000   -7.000  -19.000  
Matrix rankA=4 (6 x 4):
  2.000    1.000    1.000    1.000  
  1.000    3.000    1.000    1.000  
  1.000    1.000    4.000    1.000  
  1.000    1.000    1.000    5.000  
  1.000    2.000    3.000    4.000  
  1.000    1.000    1.000    1.000  
Matrix rankA_GEM (6 x 4):
  2.000    1.000    1.000    1.000  
  0.000    2.500    0.500    0.500  
  0.000    0.000    3.400    0.400  
  0.000    0.000    0.000    4.353  
  0.000    0.000    0.000    0.000  
  0.000    0.000    0.000    0.000  
Matrix rankB=3 (4 x 7):
  3.000    1.000    2.000    2.000    2.000    1.000    3.000  
  1.000    2.000    1.000    1.000    3.000    1.000    2.000  
  2.000    2.000    0.000    0.000    1.000    3.000    3.000  
  3.000   -1.000    0.000    0.000   -3.000    2.000    2.000  
Matrix subA (3 x 2):
 15.110   -4.500  
  0.000    1.000  
  3.140   -1.400  
Matrix subB (3 x 2):
  8.150    8.150  
 -1.400   -1.456  
987.490  750000.120  
Matrix subRES (3 x 2):
  6.960  -12.650  
  1.400    2.456  
-984.350  -750001.520  
